CACHE type 5 produced by analog 6.0/Unix. Do not modify or delete!
T	0	0	5	5	0	6	1895
D	23438023	23439356
16276	116	3	3	1137
16276	120	1	1	379
16277	95	1	1	379
1	0	0	0	1	0	0	23438079	0	0	23438079	0	/cgi-bin/
1	4	4	0	0	23439356	0	0	23438020	0	0	1516	/
1	0	0	0	5	0	0	23439356	0	0	23438021	0	/favicon.ico
1	1	1	0	0	23438043	0	0	23438043	0	0	379	/?217.112.220.160
3	0	0	0	1	0	0	23438079	0	0	23438079	0	http://test.healthkeep.com/
4	3	3	0	5	23439356	0	23439356	23438020	0	23438021	1137	Mozilla/5.0 (Windows NT 6.1; rv:30.0) Gecko/20100101 Firefox/30.0
4	2	2	0	1	23438043	0	23438021	23438021	0	23438021	758	Mozilla/5.0 (X11; Linux x86_64) AppleWebKit/537.36 (KHTML, like Gecko) Chrome/35.0.1916.153 Safari/537.36
5	2	2	0	1	23438043	0	23438021	23438021	0	23438021	758	195.26.17.58
5	3	3	0	5	23439356	0	23439356	23438020	0	23438021	1137	217.112.220.160
z	3	5	5	23439356	1895
c	200	5	23439356
c	404	6	23439356
